968251442204237824
968239478308593664
968237026301669382
968232365662310406
968229149574881280
968228847702478854
968227615944396800
968223809366122496
968207571898290176
968200610821570560
968198450583101441
967153833184030722
967153133599318016
967135486442721283
966999510475051008
966996399819812864
966789144235184129
966787339677822977
966783884548505607
966781936780890114
968299466947203072
968299346310647808
968298302390317056
968297357162016768
968296325770108928
968296142982262784
968294999749267457
968293885259677707
968289974322913280
968289784857812997
968289675449421825
968289546071891973
968289343742849027
968289218215776259
968289069338910720
968288948962381824
968288778250018816
968288454818836485
968288224736153600
968288141588213762
968243126304411648
967824811979403265
967413280242393088
966149573856169985
963598931102978053
961609713984200704
960874680872787968
960516256607690752
959270117640212480
959079416344272897
958708733512740867
958351343722336257
957002604965396480
956489971048894464
956217470888693766
955620543746793473
955448486660538368
955233232836071425
954140172035248128
952964450352549889
968231854947094528
968230773126987776
968220758030913538
968153131627503616
968119373390073856
968116675282391041
968113323408609280
968103518908375040
968097152739274752
968091773775044609
968091610251743232
968090909865922560
968074530953547776
968073418661908480
968051070156050433
968049899261526016
968031761535029248
968014893432672257
968014838747234304
967963659954741249
968301448487407618
968295548964016128
968295498380664838
968295422249840640
968294994485399552
968294429059698689
968294257630031882
968294167842566145
968294034820169728
968293968298631168
968293470711492608
968293383335763970
968293335415885825
968293172920102912
968292801346703361
968292744207765504
968292590041927680
968292546752471041
968292138705354757
968289593840857088
968211323283746819
968211270376869894
968210820458041344
968210816418942977
968210811381567489
968210807669575680
968210782000484357
968210765961465856
968210761167319040
968199416292298754
968199392095293440
968199370532442112
968199364601700355
968198573493047296
968198495567011840
968195784587055104
968195776353652736
968194253900926976
968185683436277760
968185665849610240
968297736129925120
968295216569573378
968214667305897984
968207115469848577
968151861973962753
968125940286066688
968052319349870592
968048542366556160
968048541372485633
968044764749860864
968039727168450560
968033432461893633
968033431383871488
968030913039921152
968029653062635520
967916393957117952
967916393005047808
967497312787488768
967401670341726208
967202838496579584
968251442204237824
968239478308593664
968237026301669382
968232365662310406
968229149574881280
968228847702478854
968227615944396800
968223809366122496
968207571898290176
968200610821570560
968198450583101441
967153833184030722
967153133599318016
967135486442721283
966999510475051008
966996399819812864
966789144235184129
966787339677822977
966783884548505607
966781936780890114
968254447779446784
968248179958300672
968245645864783872
968241793308471296
968228135446700040
968223016521003008
968219213675495424
968210330093522945
968206564569108483
968200380818644992
968195299104755715
968191553570267136
968183969387896832
968172629113884672
968150100047486977
968137448554467335
968117330185252864
968114764776910849
967908445155483649
967869597687918592
968274575954972673
968254446349225984
968248178427473920
968245644807860224
968228134377095168
968223014679662592
968219211955949568
968215378127138817
968211627433742336
968207951193366528
968204160167538692
968201543089614851
968199001353965568
968195296265146368
968191546976800768
968187712124669955
968183968150511617
968168883931811840
968150095907774469
968137447363305472
968254444935766016
968248176066138113
968245643537010688
968228132963667968
968223009436729344
968219210961817600
968207952585912320
968204155453083648
968200373466009600
968195297561235456
968191551158538240
968183965478682624
968150093764456449
968137446125948930
968117326724894721
968114759022333954
967908441351172097
967869593426460673
967811574680473602
967783829489504256
968247554503839744
968178849585549312
968133794963312640
968119258197712897
967081867223674880
966738798339031042
966718040468582401
966678585980440576
966419781522993153
966353998612783109
966308591778107395
966027304399986688
965999662757953537
965952376355115009
965692905208926208
965631904048406529
965587339199287296
964548401391120384
964497780919164928
964176132651220992
968177889291259904
966676317952532481
966310381646958594
966305714951151618
965675743689756672
965581781868171264
965046146057015297
965022935487602688
961254889123872768
960925862827823109
960560470045483008
960560415070703616
960560372603383808
956572740902891520
955864130577223680
955417641979609088
954485990193852428
954485059016429573
953729446380556288
953651918538145793
968234013205975040
968177298217332736
968138899842371584
967442059832512512
967429053421629440
967104350664478720
967066649764524032
967051709653618689
967039651759513600
966842236863418368
966841965135482886
966779556475625472
966707242484617218
966675604962717696
966674350593191936
966371380634832897
966341923731623936
966334263422570496
966308239091564544
966305201538977793
968252349826379782
968252260194095105
968252126274211850
968169358227886080
968165223415799808
968164565929340931
968164433796190208
968163739202719744
968163544675049474
968162306415890432
968121612502433793
968121448802979842
968121406293671936
968119979450294273
967933962982187008
967933790495629312
967933735382511616
966904689399799808
966904648450818051
966904625973444613
968272268152463361
968269385772257280
968265591479029760
968261964525981697
968261822691364865
968261521699758082
968260665214472193
968260084475269125
968259584824659968
968259182045663233
968258286050054155
968256629727735810
968256172712189952
968255267661107206
968252643255701511
968248127361822720
968247950219579393
968247331387781125
968246569253462018
968245996433047555
968299670186242049
968276261133955072
968268222054113280
968250346429534208
968242421040537600
968236532468400128
968236513078095872
968210626056216576
968206563436474368
968166184515334144
968161885790064642
968151192743305216
968079231858065408
967957921849008129
967934516814737408
967884437693153280
967880420795695105
967878397375299584
967872117495640064
967856244319961088
968264997431402498
968195758267740161
968166528297336833
968164219333079040
968162322110959617
968155617012649985
968155080917704705
968138108360421376
968131844972703746
968126153977417728
968126019977740288
968124410292064256
968116987711901696
968114096469168129
968113637859700736
968113238775918592
968113100061904896
968109575126872064
968108806298324992
968107309695209472
968281042032439296
968277742390259712
968270264772583424
968236664488415232
968223447880011776
968222326230831104
968214498887852032
968212830641106944
968210179576811521
968193467263283200
968192033289621504
968189484427816961
968140776059305984
968120717970731008
968114471611793409
968108340017549312
968107994348163074
968068484461719552
967716123805388801
967232998172188674
968264997431402498
968195758267740161
968166528297336833
968164219333079040
968162322110959617
968155617012649985
968155080917704705
968138108360421376
968131844972703746
968126153977417728
968126019977740288
968124410292064256
968116987711901696
968114096469168129
968113637859700736
968113238775918592
968113100061904896
968109575126872064
968108806298324992
968107309695209472
968120394711433222
966329294376095744
961973662390931460
961602256385789952
960876251014713344
954037274198642689
954013965729914881
952997570053369857
952891488274444289
952889825845235713
949042806500265985
949020488021544960
948975338893316096
948955071991242752
948941881542627329
948941177423892480
945664735776821248
940964769934307329
940228464220819456
939134319989313536
968146887185457153
968120196077703169
967573646356213760
967572843759329280
967391013491834881
967249900936327168
967249319421235201
967245163335770112
967245016535064576
967204452624105472
967196565835304960
967181795220443139
967154168057221120
967107304163282945
967096075499851776
967038590688612352
967037559091187712
967036263680311297
966812114026418178
966752853774819330
968231854947094528
968230773126987776
968220758030913538
968153131627503616
968119373390073856
968116675282391041
968113323408609280
968103518908375040
968097152739274752
968091773775044609
968091610251743232
968090909865922560
968074530953547776
968073418661908480
968051070156050433
968049899261526016
968031761535029248
968014893432672257
968014838747234304
967963659954741249
968271185766244357
968271101691392000
968121838273515520
968098281573289984
968097513373872129
968095332570681345
968095048016498688
967772934432546816
967772544592941056
967772220809465856
967771798208172033
967523311436656641
967396028994523136
967395711393452033
967394626062692352
967393185243844610
967392783978901504
967392570291773441
967392234948694016
967391846073864192
968265176775516160
968009911153049600
968003168142372865
968003124240695299
968003107597688833
968003087204958208
968003066615103488
968002582789603328
968002582584045568
968002581011116032
968002455693701121
968002144086376448
968002037802680320
968002009486917632
967111021541261317
967110999684730880
967110728116129792
966917251659022336
966917149594759168
966916658622169089
968301810732748800
968285560828841990
968285152748195841
968285109525901314
968284403293196289
968284302332096513
968284186179194881
968277517894324226
968273437360820225
968273369027219456
968273345610440705
968273155025498112
968273094849843200
968273010699456512
968265574219427840
968264773975592960
968264683621945344
968244616586809345
968243815256674305
968243645634744320
968164181378674688
968001772978561025
967834415979151360
967834339919593472
967515374710239232
967421512281198592
967419769908539393
967417688963407872
967416925008683014
967406517774319616
967399979454271490
967395389237276674
967390887566340097
967375211443228673
967182689718751233
967156593535184897
967143895732768769
966480853214945280
966420032367439872
966338419579326465
968293575955042304
968288563224895488
968278308512260096
968267044910239745
968265371060002817
968265274528026625
968259713845596162
968235745965236224
968218488170078208
968205551384571905
968184352973770753
968177115001774085
968162998002085890
968154114910810112
968128447431233536
968116148276482048
968108706947915776
968102155587604480
968100990573514753
968089610227240961
968295272538345473
968273820263043073
968273820258852864
968273820237824001
968273567904403456
968268364824154114
968268364777967616
968267562353086464
968267562294312960
968266984310927360
968266983547514880
968266813716000768
968266397909508097
968266279361634305
968265923206483968
968265448495222784
968265252415660033
968265165425774592
968265136837361664
968265136304771072
968301779770396672
968301759176302592
968301664267571200
968300805689368576
968300724483448832
968299381203132416
968299279809941505
968298483018031105
968298462465884160
968298339283369984
968298146118979584
968297540243292166
968297515551461383
968281702501150721
968281672826413056
968281662160334848
968281654920929285
968281643206238208
968281612071981056
968281577900924928
968301685553729537
968301078923137024
968300756511215616
968299503462879233
968299307316150272
968298768746602501
968298754351796224
968298384225390592
968298115844493312
968298067173826563
968298054137892871
968298042402181120
968298031174037505
968298009548247041
968297558564106240
968296377179627520
968296359060271104
968296332233338880
968296319742771201
968296281088065536
968264877595922432
968264657038467072
968264191089037313
968264007340740608
968263960297377792
968263873571717120
968263850310107136
968263806727217153
968263719619788801
968263663139291136
968263527801786368
968263449628282880
968263295588290560
968262905635491841
968262610822066181
968259859077529602
968259773824159746
968259661035077634
968259604189728768
968259372773183488
968292320402726913
968258827777867777
968217934635130881
968152112273264641
968112576906321920
968100380876910592
968022993380298752
968000358604787712
967883578607534080
967851784210436098
967365565596790784
966870506417909760
966840772988465152
966808784025899009
966433011293179910
966403912407404545
966397138719707136
966357115634888707
966264181480742912
966252240825659392
968243052652453888
968243045761241090
968243038614061056
968243030519148544
968241092440227840
968240655687237632
968239976960937984
968239178063515649
968238754010943488
968233541610991619
968233090215800837
968232616523649024
968232576858148864
968231771232964615
968231559978471424
968231531750809601
968231339546873857
968231234382934016
968231203798159361
968231191441805312
968243052652453888
968243045761241090
968243038614061056
968243030519148544
968241092440227840
968240655687237632
968239976960937984
968239178063515649
968238754010943488
968233541610991619
968233090215800837
968232616523649024
968232576858148864
968231771232964615
968231559978471424
968231531750809601
968231339546873857
968231234382934016
968231203798159361
968231191441805312
968297359712112641
968291756281384961
968269095954247680
967867795936595969
967168643854426112
966733290471346178
966309596490059776
965340688874393601
965211040337354752
964972982027411462
964133598583578624
963813832249544705
963462908687548416
963421089513852932
962360495301890049
962050492913221632
961804710373134337
961804629091803136
961615708902830081
961603112384499712
968110372824715264
968110276682944512
968109260721786881
968109191461208070
968108978780680193
968108739780923392
967867100961411078
967866118567284736
967866034278617090
967865470035558406
967865401290952704
967677581905547264
967675762462658560
967675394680815616
967672068413194240
967671980597051393
967671832362012673
967671751730659329
967671659560951808
967671452177698817
968262130666561541
968179622713192448
968164675945943042
968132051231825921
967889877516914689
967864783205789696
967863595194339328
967509374842425344
967498299904286720
967403563025620992
967231330588250112
967225726549274625
967099204752601088
967084181070254080
966874954322018304
966797442606948352
966793408961445889
966706422686928896
966680430916272128
966404106314170368
968178895584485379
968163773273071616
968157533574746113
968154283215638528
968151206647476225
967851795463667714
967787296488673280
967679871060271105
967581202264838145
967493354060767232
967457144965656576
967451328648802304
967009946570252288
966894690338402304
966874342524178432
966796047107403782
966746444198825985
966744433193439233
966726560857427968
966717538058014721
967850647432331264
967850398416433152
967850349942931456
967452031605792768
967191114087321602
967191036245274625
966676462173671424
966676141846204417
966675944412008448
966675548473786368
961461712623931392
961460242801455104
961460047783059456
959490171652726784
959489860850585603
959487760632569856
959254220598841344
956604391636852736
955962910219661313
955962861045547008
968162524712656903
968162391837085697
968162336757428224
968109897077411840
967823251635400704
967823143552339968
967822890115756033
967822437369991168
967800608886439936
967499531679084544
967499482517647361
967063887853096960
966729321263058944
966699205153771520
966698360819286018
966698178627166209
966368727376818176
966365682949607433
965969556526297090
965757861564469248
968272268152463361
968269385772257280
968265591479029760
968261964525981697
968261822691364865
968261521699758082
968260665214472193
968260084475269125
968259584824659968
968259182045663233
968258286050054155
968256629727735810
968256172712189952
968255267661107206
968252643255701511
968248127361822720
968247950219579393
968247331387781125
968246569253462018
968245996433047555
968230964865519616
968211584895082497
968192038444453888
968191044847357952
968190129683746823
968186459923668993
968180903984889862
968178135278727174
968167649837379584
968163597825314816
968162954943385600
968151300633448448
968150132960235521
968149418854768641
968147392196435968
968142929419210752
968141186526531584
968139632104919040
968127902637228033
968101274989232129
968277148992667648
968275430292819968
968263154290581507
968227981616443393
968227823625408513
968144259630206976
968144186049482753
968144160510406656
968097758962946049
968047693070307330
968047523750346752
967919469036294146
967918941615030272
967881519774797827
967880675520020482
967802583195807744
967766863718572032
967766817317015552
967718125004304384
967718002471919616
968211596513366017
968127438080413698
968091161691938816
968067067223138304
967796446094389249
967796383578316801
967796138446409728
967786379332767744
967764666352009221
967686086624464896
967558752160403457
966946216499130374
966944013084487680
966940333794787328
966790630901985280
966653643356286976
966650245827432450
966639442575482883
966048060399869953
965690762569637888
968230831545290753
968220700749324289
968160070851756033
968153973474648064
968149694567342080
968149406376648704
968145026889986048
968142750075052034
968141672612814853
968140121873813506
968139005165531137
968134838594174978
968132601398681600
968130073126756357
968125699499405312
968123364043784194
968114448459329537
968109138701115393
968105870402957312
968103814304862208
968230831545290753
968220700749324289
968160070851756033
968153973474648064
968149694567342080
968149406376648704
968145026889986048
968142750075052034
968141672612814853
968140121873813506
968139005165531137
968134838594174978
968132601398681600
968130073126756357
968125699499405312
968123364043784194
968114448459329537
968109138701115393
968105870402957312
968103814304862208
967726674606510081
966971337918083073
965628762938314752
965524302916448256
964192984647467008
964185643738943488
964050004930449408
963311912103661568
962244498804928513
961352660191457285
960654217798209536
960183177519263744
959811401475870721
959775387671724033
958966726586138624
958043191160209409
957297354666860544
943890089687638017
943237260148953088
943236261590044672
968230831545290753
968220700749324289
968160070851756033
968153973474648064
968149694567342080
968149406376648704
968145026889986048
968142750075052034
968141672612814853
968140121873813506
968139005165531137
968134838594174978
968132601398681600
968130073126756357
968125699499405312
968123364043784194
968114448459329537
968109138701115393
968105870402957312
968103814304862208
968230831545290753
968220700749324289
968160070851756033
968153973474648064
968149694567342080
968149406376648704
968145026889986048
968142750075052034
968141672612814853
968140121873813506
968139005165531137
968134838594174978
968132601398681600
968130073126756357
968125699499405312
968123364043784194
968114448459329537
968109138701115393
968105870402957312
968103814304862208
968230831545290753
968220700749324289
968160070851756033
968153973474648064
968149694567342080
968149406376648704
968145026889986048
968142750075052034
968141672612814853
968140121873813506
968139005165531137
968134838594174978
968132601398681600
968130073126756357
968125699499405312
968123364043784194
968114448459329537
968109138701115393
968105870402957312
968103814304862208
968253277208023041
968251877157736449
968251112913547270
968251022752845824
968249125417508865
968248998346805248
968248599011348481
968248454953820161
968248376339902467
968248145493856262
968248082608590853
968247887686717442
968246698723160066
968246596629655554
968245343526760449
968245018828959744
968244929167228928
968244640783708160
968176304611909632
968064938035040256
968288994730573824
968288570816585728
968288493842718721
968288000953257985
968287768194506752
968287519900041217
968286626047815680
968286449572503552
968285523965108224
968285181705641984
968285023672528896
967879136906809344
967858345674792962
967645834883076096
967644685501190145
967644360224530433
967644298471772161
967632142904840193
967299830509981696
967299464070385665
968296580657926145
968296204852514816
968296126528081920
968296049688371200
968295655738413056
968277713277652993
968277404673282048
968277313174626306
968277262067011590
968277224725078028
968276769496322053
968276743571300355
968276643822407680
968276477467942912
968276466332000256
968276434224590848
968276411998973952
968276380323581952
968262705659498496
968242087241175040
968268772757864449
968265193489944577
968264862144040962
968264720745627649
968262737716563968
968262514462068737
968262316201594880
968262235532513282
968261825543528450
968261140601016320
968260481193570305
968260271570587648
968259488967995393
968259465429573632
968259384924102662
968259070024126466
968258995072000000
968258940898340864
968257988833218560
968257946890244097
967565960096907269
967500457009696770
967499764232318977
959514575048728576
959507477418127362
956703824479162368
956506173204725760
956176364071260160
953638305777831937
951520625381789696
948558421078544384
944300819146592262
943232783190757377
943229819319447554
942863996822196225
939634439692410881
939634222272319488
939550932815237125
939487767905685504
936287131420581889
968282687868895232
968239139333328897
967959070778028032
967954959865188352
967858571948982274
967528924627468288
967525846218133504
967522994351493121
967520568890273792
967488894865469440
967488534738362369
967488516459462656
967488121918156803
967465688045518848
967465215683162113
967460936931069952
967460911429619713
967456456831393793
967452226443673600
967450626564206592
968272268152463361
968269385772257280
968265591479029760
968261964525981697
968261822691364865
968261521699758082
968260665214472193
968260084475269125
968259584824659968
968259182045663233
968258286050054155
968256629727735810
968256172712189952
968255267661107206
968252643255701511
968248127361822720
968247950219579393
968247331387781125
968246569253462018
968245996433047555
968243126304411648
967824811979403265
967413280242393088
966149573856169985
963598931102978053
961609713984200704
960874680872787968
960516256607690752
959270117640212480
959079416344272897
958708733512740867
958351343722336257
957002604965396480
956489971048894464
956217470888693766
955620543746793473
955448486660538368
955233232836071425
954140172035248128
952964450352549889
968288521214676993
968286436490448896
968265990298619905
968264872931811328
968257171178876928
968247134695944192
968196469361606656
968191484964073477
968168409438609410
968139903568699392
968133383216918531
968132558201507842
968117612872859648
968086199075266560
968077718150696961
968077338960330753
967991324887613440
967952278060781568
967923029094338560
967916811676200960
968060274438676482
968060263382466560
968060239613329408
968060200375631872
968060157446963200
968060140774604800
968060123057811458
968060113389957120
968060095618674691
968060082431799296
968060060898246656
968060050353762304
968060038748110849
968060029646467072
968060019202641921
968060003264348160
968059993193832448
968059975770652672
968059960214003712
968059950936178688
968198468916346882
967590781753217024
967409147414306816
967396523855269888
967396219436888067
966883985988005891
966796803625701376
966701518794776581
966505388840509440
966173202585194496
965942945596702720
965768008730804225
965763420464320512
965649060198744064
965370108838404096
965078873036742656
964525548352524289
964510755520466944
964486837258645505
964354710768701440
967395891538690048
967395841844621313
967139496780271616
967114634665873408
967114509268725760
967114319988174850
967114280612048896
967113837127389185
967113626938236928
966901040376201216
966804264227168256
966796635106938881
966764000120799232
966744943338418176
966744754364010496
966744714769784832
966744663569911808
966744626169307141
966744526365843457
966744394987601920
968123849467420672
967391875828211712
967389406322622464
967003179153051649
966285267542913025
966284493052170240
965923216962277378
963385337190993920
963019304592707584
962662126933413889
961575713143971844
960840454513332224
960839812130459650
960139050366787585
959768744124968960
959394373933953024
958669039672397825
957947113580711937
956145520904495105
956145039280951296
968146887185457153
968120196077703169
967573646356213760
967572843759329280
967391013491834881
967249900936327168
967249319421235201
967245163335770112
967245016535064576
967204452624105472
967196565835304960
967181795220443139
967154168057221120
967107304163282945
967096075499851776
967038590688612352
967037559091187712
967036263680311297
966812114026418178
966752853774819330
968237494994112512
968232201937711106
968225621045317633
968225071474110465
968204453714317313
968197092060614656
968195379492683776
968190109345566720
968184332258107392
968175410461773825
968167237537452036
968142443869851650
968137091010957312
968136511869849600
968134988058320897
968134737322827776
968126977562628102
968125858337689606
968122435718516736
968121472920072192
968252107127185409
967383913646739456
966857679464468480
966759988336168960
966758866426920960
966450985404194816
966435743886344193
965756728632643584
965411621613993984
963064102896701442
963058502292951040
962890263231389706
959476069526065152
959466126399991809
959457444127825921
958344760359563264
958174619005054977
958171635470696448
958169445045800961
957429133818187776
968259538007846913
968214336194990081
968169077285015553
968123771893764096
967851782129975296
967821657036480512
967747275522019328
967564880487309313
967538399476355074
967508210067353600
967444133282541568
967421557806194689
967407477418491905
967406327311020033
967402446762008577
967380032019664897
967355646961123328
967202487823413248
967173501277831168
967142177733337090
968279209935294464
968233145010196485
968187854399721474
968142536689815553
968097440174833665
968051907360165888
968006692347752449
967916650505875462
967870744603578370
967825595320143872
967780128632791040
967598953213693953
967554022466088960
967508338677252097
967463059823439873
967417719493709824
967372697692000258
967281897389940736
967236594909548546
967191959810072578
968215195284856832
968214118586109952
968205268747194374
968183038462124033
968166093750788096
968155651976454146
968153313022824448
968145164777807872
967893989176283138
967890979222097920
967858967610380288
967848275234705409
967434952781586432
967372405852246016
967371428336193536
967180720929112064
966617892216295425
966468024898347008
966397357188292608
966268717788270592
968288992474161154
968239102368931840
968238548519456769
968238068187660289
968238021081518080
968235516540973057
968235203096346624
968234558951972865
968231416134762497
968227991720427534
968227960561045504
968224128275660806
968223778898620418
968223265465479174
968223132984201224
968223089229262849
968223042970234887
968222973944614918
968168525029412864
968168467789688837
968232263098994688
968078471690940416
967258821700784128
967185801971892227
966847756693319681
966511895271411712
966479632164847617
966048669853241345
966003296728043520
965675158454374400
964521214076219392
964454622151790592
964216307293085703
963943008084340736
963203865888817152
963167385858596865
963093753958424578
961607902351036417
961404747898122240
961244376436559875
968284973038944256
968185140311556100
968183631628795910
967874856892227585
967855723680956416
967826661986226177
967825502462402560
967656485529403392
967656299700695045
967491951585984512
967480818569392128
967480553753608192
967453499435892736
967443453096419328
967248001428176896
967149602712436737
967141171754668034
966503530570887168
966499993048813568
966470665460215809
968247707289624576
968235471930261504
968235383896072192
968235083999129601
967913658654261248
967575974463320064
967318398769287168
967291304731275264
967287508961603584
967280247275102209
967237609520017410
967236657400483840
967234753031262208
967192854840905728
966816069582143488
966719410156331008
966712369215832064
966538437292523520
966538191351242752
966096079228829700
967209470181957632
963508168218304515
963422913075478534
963397241766629376
963396057416773634
963394562894041088
963076748685512704
962706025404133377
962705533626208258
962705091894575104
962704815775256576
962704103314018305
962701913211965440
962691048026853376
962689937035419648
962689000833249281
962451186279501825
962450751959289856
962450506684788736
962449919394107392
968272268152463361
968269385772257280
968265591479029760
968261964525981697
968261822691364865
968261521699758082
968260665214472193
968260084475269125
968259584824659968
968259182045663233
968258286050054155
968256629727735810
968256172712189952
968255267661107206
968252643255701511
968248127361822720
968247950219579393
968247331387781125
968246569253462018
968245996433047555
967168031083376641
965389931391709190
961329489430106123
961328865024061440
956188273617104897
954849475406778368
949207622560960513
948373232490512384
948302888610291712
947310989959225344
947303231167836160
947294321606348802
947294219777069056
947292177415237632
947290611006300160
945471317494632448
945274639571472385
944761619875287040
940569411106328576
940346814053613574
968291114800373760
968287947744317440
968265206123155456
968256683175825408
968235481203924995
968229718775484416
968229374288891904
968209899174940672
968209878383775745
968209792635457544
968198933284556800
968195181798445056
968192207273545730
968186473106337792
968149814042157057
968144237274464256
968144163597365249
968135416594432000
968132790905647104
968131577623601153
968268337087164416
968257853575360513
968257615406026753
968229896114843648
967166542399115264
967153123566456833
967148961873170433
967121876458917888
966789402457526277
966771460693004288
966440270123491329
966421811209670657
966394434979090433
966141330677256195
966103498919235584
966088594023698432
966067064610938880
964270270742761472
964250549301469184
963518892659355654
967160815144054786
966894392316325888
966861627147608064
966781464674275329
966773245419630592
966416878737510400
966355605190512641
953068467216936962
953064248900554752
948293364809596928
968231854947094528
968230773126987776
968220758030913538
968153131627503616
968119373390073856
968116675282391041
968113323408609280
968103518908375040
968097152739274752
968091773775044609
968091610251743232
968090909865922560
968074530953547776
968073418661908480
968051070156050433
968049899261526016
968031761535029248
968014893432672257
968014838747234304
967963659954741249
967128203243524096
965777453489754113
960486555373789184
959163217946857472
959111396070973440
955856838502834176
955835002587148288
950909033535373314
950873085221142530
948946599518056450
946386647960211458
944572250627497984
944242565397794816
927567796862701570
927549149310046208
926120083461693442
926111216912748544
923896693158039552
923627685401722880
923626923351212032
968202906758365184
968202819441274880
968202748679221248
968202674028953600
968202622392913920
968202572044488704
968202557641273344
968202503815798784
968202443484876800
968201059326767104
968200808197050368
968200763028652032
968200621282148352
968200538083872768
968200448313237504
968200238438670336
968200178405552128
968200157786341376
968200133060931584
968200083287154688
968281042032439296
968277742390259712
968270264772583424
968236664488415232
968223447880011776
968222326230831104
968214498887852032
968212830641106944
968210179576811521
968193467263283200
968192033289621504
968189484427816961
968140776059305984
968120717970731008
968114471611793409
968108340017549312
968107994348163074
968068484461719552
967716123805388801
967232998172188674
968267479305814016
968266448543023111
968239466807791618
968189640325910528
968186799658094592
967972347381678080
967968683858505728
967945006739845120
967916801467314176
967889423907082240
967597774463053826
967569817694818304
967549984777408512
967139836326043648
967138455942848519
967135683734392834
967115514597314562
967096612634988546
967084367339192320
967070911420620800
968264961658155009
968221027233943552
968216603384012801
968165655110352899
968133462816260097
968082445017976832
968078210314448896
968064998605053953
967912744832946176
967912683143073793
967775381817307136
967066809127055360
967055129781338112
967045620241502210
967045562804719617
967016896410333187
967009884976959488
966763298392813570
966762922847408131
966697187504779264
968214112659492871
967139764003639297
967130904249491457
967063052008022018
966702375565131777
966698557456748545
966697054553731079
966061890261614593
966019135976169472
966000735111573509
965594403678183425
965571988457738241
964235248732172288
963891167011246080
963890713812525056
963485928730824704
961973349885890560
961356314449465344
961253562457231360
961028990520750083
968277059108855811
967956818172538880
967947611025092608
967947407337148416
967840710836842500
967606159204143109
967189299966996481
967109115523817472
967107888786309120
967106875333529600
967106249765552129
967093850513735686
967059399394160642
967058522998562818
967055217157197826
967053256781434881
967029886593458177
967028547083698176
966886915549970432
966720886144425984
968131618538967040
967792005089845249
967042239531806723
966717560321343489
966473432543170562
966422896955613184
964982654390202368
964595277658296321
964211915244236800
963940637946105861
963790188542660608
963735165586542592
963432131497218048
963031650291650561
962057091333505026
961204988369358849
960883072714596352
960623490901663745
960242255087964160
959809917354938368
968267352080048128
968138806879768576
968137582205906945
968093344596406272
968085781360398336
968074330776141824
967051485417701376
967039586596741121
967028344427597824
967014993504894976
967006254668435457
967001292295036935
966997750700179456
966719346595725314
966680975500611589
966672358944772098
966642892222722048
966636010061918209
966391332020346880
966383139386994688
968146887185457153
968120196077703169
967573646356213760
967572843759329280
967391013491834881
967249900936327168
967249319421235201
967245163335770112
967245016535064576
967204452624105472
967196565835304960
967181795220443139
967154168057221120
967107304163282945
967096075499851776
967038590688612352
967037559091187712
967036263680311297
966812114026418178
966752853774819330
968146887185457153
968120196077703169
967573646356213760
967572843759329280
967391013491834881
967249900936327168
967249319421235201
967245163335770112
967245016535064576
967204452624105472
967196565835304960
967181795220443139
967154168057221120
967107304163282945
967096075499851776
967038590688612352
967037559091187712
967036263680311297
966812114026418178
966752853774819330
968146887185457153
968120196077703169
967573646356213760
967572843759329280
967391013491834881
967249900936327168
967249319421235201
967245163335770112
967245016535064576
967204452624105472
967196565835304960
967181795220443139
967154168057221120
967107304163282945
967096075499851776
967038590688612352
967037559091187712
967036263680311297
966812114026418178
966752853774819330
968300048814694400
968297595679461376
968269980356706305
968265755019137024
968262459499925505
968262056716701701
968255782012760065
968243778027859968
968238235867545606
968238219451092993
968231698327638016
968226618358534144
968223148494778370
968213830584225793
968205023766306816
968204553043791873
968198795283587072
968183128224419840
968182174913572865
968176728702144514
968122656330534914
968107638637686784
968080162884608000
968074416780464129
968069639963111426
968064583737991173
968061525725450240
968060572381188096
968054642465701888
968050857832001536
967033953721946117
967033354934804481
967031871778549765
967031548049592320
967025166030163968
967021633826381824
967018976294395907
967012837355868160
967010632137666560
967010157774458880
968108707514142721
967033458160820229
967021179671339009
966719430012043266
966659733636767744
965322610543296512
964605595541213184
964543580281942017
964213038562926597
964154143970611201
964128211151015942
964128113801203712
964118405493280769
963756024309182464
963748481096699904
963410769906937856
963409560714338316
963027543262720001
961944090437914624
961393999817920512
967025186787725312
966479678746873857
966396965557698560
965951838511157248
964965128616792067
964858005069221889
964227300333162496
963771548430688258
963457843876843520
963455539719045122
963396098613235713
962082281757270017
961953984956203008
961736951643635712
960884151992930305
960879690062888961
960858685407932416
960545896684507136
960501967557746689
960501323274817537
968231854947094528
968230773126987776
968220758030913538
968153131627503616
968119373390073856
968116675282391041
968113323408609280
968103518908375040
968097152739274752
968091773775044609
968091610251743232
968090909865922560
968074530953547776
968073418661908480
968051070156050433
968049899261526016
968031761535029248
968014893432672257
968014838747234304
967963659954741249
968272268152463361
968269385772257280
968265591479029760
968261964525981697
968261822691364865
968261521699758082
968260665214472193
968260084475269125
968259584824659968
968259182045663233
968258286050054155
968256629727735810
968256172712189952
968255267661107206
968252643255701511
968248127361822720
968247950219579393
968247331387781125
968246569253462018
968245996433047555
968258032680493057
968198224233328648
968197417605697537
968197098222051328
967808649035907074
967808159158022144
967807864302718977
967779126919745536
967779075493425152
967779002642587648
967778822841163776
967778645468237824
967778578992713728
967733694344687618
967610408637886464
967561621542440961
967449599425335297
967449268666675202
967448605014544385
967448543333109760
965106010049347584
