968251442204237824
968248612609318912
968243126304411648
968230773126987776
968217372883636226
968210765961465856
968207115469848577
968200610821570560
968183969387896832
968183968150511617
968183965478682624
968178849585549312
968177889291259904
968177298217332736
968169358227886080
968163868164968448
968161885790064642
968155617012649985
968140776059305984
968131844972703746
968120394711433222
968120196077703169
968113323408609280
968098281573289984
968003107597688833
968003084998926343
968001772978561025
968001498813751296
968001161176461313
968000751686639621
968000620635541504
968000488565297152
968000358604787712
967891908507897856
967881497750523906
967867795936595969
967865470035558406
967864783205789696
967851795463667714
967850398416433152
967822437369991168
967798605691129856
967784721701920769
967766817317015552
967764666352009221
967754699804995584
967741222696742917
967726674606510081
967725104187797504
967723903148847105
967720114081751040
967671155070062592
967645834883076096
967526017345753093
967520857307394049
967499764232318977
967488894865469440
967432938580258821
967413280242393088
967410420964347904
967405656121606145
967396219436888067
967395841844621313
967391875828211712
967391013491834881
967390920026083329
967383913646739456
967380032019664897
967372697692000258
967371428336193536
967274647480872960
967258821700784128
967248001428176896
967236657400483840
967209470181957632
967171519519608833
967168031083376641
967166619423256581
967166542399115264
967160815144054786
967129511530725376
967128203243524096
967111550480740352
967089115035553792
967084367339192320
967066809127055360
967063052008022018
967053256781434881
967042239531806723
967039586596741121
967038590688612352
967037559091187712
967036263680311297
967034286380650497
967033953721946117
967033458160820229
967025186787725312
967024196852375553
967021823790669825
967021601110839296
