293706403
49080826
947980625134448640
274028809
98903593
20761878
369973577
293706403
872831686291185664
257093769
2582876443
117520350
141208538
407820462
36693910
249854777
17630125
50497456
250333769
50497456
117641661
1273093939
274028809
3303089007
30503389
275809002
2201790217
198567904
224796846
317987681
3819025162
291199456
16145875
2282959267
2282959267
15104314
2782630288
61804290
324397821
4048030095
910168132718874624
249854777
70111948
3298328315
26322939
209559009
209559009
3093403288
209559009
209559009
209559009
19132899
2958799291
471180471
775409692969500672
899696321640181760
1639295174
249854777
947980625134448640
34956062
2213817852
1330575260
3240200016
357665420
1273093939
849682212970803207
562890730
5694822
2784760638
41692862
326437288
816998941350854658
29780728
280091656
781902064704221184
249854777
707573827
844248434936811521
146299345
932681364071206917
274028809
2518110223
885801926603939840
250333769
921232364260311041
805833091826806788
2881442392
28609236
384350981
3564985637
1273093939
1273093939
1273093939
18989002
901167812328259584
1007272646
3352026953
274028809
249854777
3231301888
